1 7 5 1 4 1 1 1 1 1 0 0 0 0 0 0 0 2 0 0
1 4 1 1 1 1 1 1 1 1 0 0 0 0 0 0 0 0 0 0
1 1 1 1 1 8 8 8 8 8 8 0 0 3 8 8 0 0 0 0
1 1 1 1 1 8 8 8 8 8 8 0 0 0 8 8 0 0 0 0
1 1 1 1 1 8 8 8 8 8 8 0 0 0 8 8 0 0 0 0
1 1 4 1 1 8 8 8 8 8 8 0 0 0 8 8 0 0 0 0
1 1 1 1 1 8 8 8 8 8 8 8 0 0 8 8 0 0 0 0
1 1 1 1 1 8 8 8 8 8 8 8 8 8 8 8 0 0 0 0
1 1 1 1 1 1 1 1 1 1 0 0 8 8 0 0 0 0 0 0
1 1 1 1 1 1 1 1 1 1 0 0 0 0 0 0 0 0 0 0
0 0 0 0 0 0 0 0 0 0 1 1 1 1 1 1 1 1 1 1
0 0 0 0 0 0 0 0 0 0 1 1 8 8 1 1 1 1 1 1
0 0 0 0 0 8 8 8 8 8 8 8 8 8 8 8 1 1 1 1
0 0 0 0 0 8 8 8 8 8 8 8 1 1 8 8 1 1 1 1
0 0 2 0 0 8 8 8 8 8 8 1 1 1 8 8 1 1 1 1
0 0 0 0 0 8 8 8 8 8 8 1 1 1 8 8 1 1 1 1
0 0 0 0 0 8 8 8 8 8 8 1 1 1 8 8 1 1 1 1
0 0 0 0 0 8 8 8 8 8 8 1 1 5 8 8 1 1 1 1
0 2 0 0 0 0 0 0 0 0 1 1 1 1 1 1 1 1 1 1
0 6 3 0 2 0 0 0 0 0 1 1 1 1 1 1 1 4 1 1
