2 0 0 0 0 0 0 0 0 0 1 1 1 1 1 1 1 1 1 4
0 2 0 0 0 0 2 0 0 0 1 1 1 4 1 1 1 1 4 1
0 0 0 0 0 0 0 0 0 0 1 1 1 1 1 1 1 1 1 1
0 0 0 0 0 0 0 0 0 0 1 1 1 1 1 1 1 1 1 1
8 8 8 0 0 0 0 0 0 0 1 1 1 1 1 1 1 8 8 8
8 8 8 8 8 0 2 0 0 0 1 1 1 4 1 8 8 8 8 8
8 8 8 8 8 0 0 0 0 0 1 1 1 1 1 8 8 8 8 8
8 8 8 8 8 0 0 0 0 0 1 1 1 1 1 8 8 8 8 8
8 8 8 8 8 0 0 0 0 0 1 1 1 1 1 8 8 8 8 8
8 8 8 8 8 0 0 0 0 0 1 1 1 1 1 8 8 8 8 8
8 8 8 8 8 0 0 0 0 0 1 1 1 1 1 8 8 8 8 8
8 8 8 8 8 0 0 0 0 0 1 1 1 1 1 8 8 8 8 8
8 8 8 8 8 0 0 0 0 0 1 1 1 1 1 8 8 8 8 8
8 8 8 8 0 3 0 0 0 0 1 1 1 1 5 1 8 8 8 8
8 8 8 8 8 8 8 0 0 0 1 1 1 8 8 8 8 8 8 8
8 8 8 8 8 8 8 0 0 0 1 1 1 8 8 8 8 8 8 8
0 8 8 8 8 8 8 0 0 0 1 1 1 8 8 8 8 8 8 1
6 8 8 8 8 8 8 0 0 0 1 1 1 8 8 8 8 8 8 7
3 0 0 0 0 0 0 0 0 0 1 1 1 1 1 1 1 1 1 5
0 0 0 0 0 0 0 0 0 0 1 1 1 1 1 1 1 1 1 1
