0 0 2 2 0 0 0 0 0 0 1 1 1 1 1 1 4 4 1 1
0 0 8 8 8 8 8 8 0 0 1 1 8 8 8 8 8 8 1 1
0 3 8 8 8 8 8 8 8 0 1 8 8 8 8 8 8 8 5 1
0 0 8 8 8 8 8 8 8 0 1 8 8 8 8 8 8 8 1 1
0 0 8 8 8 8 8 8 0 0 1 1 8 8 8 8 8 8 1 7
0 0 8 8 8 8 8 8 0 0 1 1 8 8 8 8 8 8 1 1
0 0 8 8 8 8 8 8 0 0 1 1 8 8 8 8 8 8 1 1
0 0 0 0 0 0 0 0 0 0 1 1 1 1 1 1 1 1 1 1
0 0 0 0 0 0 0 0 0 0 1 1 1 1 1 1 1 1 1 1
0 0 0 0 0 0 0 0 0 0 1 1 1 1 1 1 1 1 1 1
1 1 1 1 1 1 1 1 1 1 0 0 0 0 0 0 0 0 0 0
1 1 1 1 1 1 1 1 1 1 0 0 0 0 0 0 0 0 0 0
1 1 1 1 1 1 1 1 1 1 0 0 0 0 0 0 0 0 0 0
1 1 8 8 8 8 8 8 1 1 0 0 8 8 8 8 8 8 0 0
1 1 8 8 8 8 8 8 1 1 0 0 8 8 8 8 8 8 0 0
1 1 8 8 8 8 8 8 1 1 0 0 8 8 8 8 8 8 0 6
1 1 8 8 8 8 8 8 8 1 0 8 8 8 8 8 8 8 0 0
1 5 8 8 8 8 8 8 8 1 0 8 8 8 8 8 8 8 3 0
1 1 8 8 8 8 8 8 1 1 0 0 8 8 8 8 8 8 0 0
1 1 4 4 1 1 1 1 1 1 0 0 0 0 0 0 2 2 0 0
