0 2 0 0 0 0 0 0 0 0 1 1 1 1 1 1 1 1 4 1
0 0 0 0 0 0 0 0 0 0 1 1 1 1 1 1 1 1 1 1
8 8 3 8 8 8 8 0 0 0 1 1 1 8 8 8 8 5 8 8
8 8 0 8 8 8 8 0 0 0 1 1 1 8 8 8 8 1 8 8
8 8 0 8 8 8 8 0 0 0 1 1 1 8 8 8 8 1 8 8
8 8 0 8 8 8 8 0 0 0 1 1 1 8 8 8 8 1 8 8
0 0 0 0 0 0 0 0 0 0 1 1 1 1 1 1 1 1 1 1
0 0 0 0 0 0 0 0 0 0 1 1 1 1 1 1 1 1 1 1
0 0 0 0 0 0 0 0 0 0 1 1 1 1 1 1 1 1 1 1
6 0 0 0 0 0 0 0 0 0 1 1 1 1 1 1 1 1 1 7
0 0 2 0 0 0 0 0 0 0 1 1 1 1 1 1 1 4 1 1
0 0 0 0 0 0 0 0 0 0 1 1 1 1 1 1 1 1 1 1
2 3 0 0 0 0 0 0 0 0 1 1 1 1 1 1 1 1 5 4
0 2 0 0 0 0 0 0 0 0 1 1 1 1 1 1 1 1 4 1
8 8 0 8 8 8 8 0 0 0 1 1 1 8 8 8 8 1 8 8
8 8 0 8 8 8 8 0 0 0 1 1 1 8 8 8 8 1 8 8
8 8 0 8 8 8 8 0 0 0 1 1 1 8 8 8 8 1 8 8
8 8 0 8 8 8 8 0 0 0 1 1 1 8 8 8 8 1 8 8
0 0 0 0 0 0 0 0 0 0 1 1 1 1 1 1 1 1 1 1
0 0 0 0 0 0 0 0 0 0 1 1 1 1 1 1 1 1 1 1
