1 1 8 8 8 8 8 8 1 1 0 0 8 8 8 8 8 8 0 0
5 1 8 8 8 8 8 8 1 1 0 0 8 8 8 8 8 8 0 3
7 1 8 8 8 8 8 8 1 1 0 0 8 8 8 8 8 8 0 6
1 1 8 8 8 8 8 8 1 1 0 0 8 8 8 8 8 8 0 0
4 1 8 8 8 8 8 8 1 1 0 0 8 8 8 8 8 8 0 2
1 1 1 1 1 1 1 1 1 1 0 0 0 0 0 0 0 0 0 0
1 1 1 1 1 1 1 1 1 1 0 0 0 0 0 0 0 0 0 0
1 1 1 1 4 1 1 1 1 1 0 0 0 0 0 2 0 0 0 0
1 1 1 1 1 1 1 1 1 1 0 0 0 0 0 0 0 0 0 0
1 1 1 1 1 1 1 1 1 1 0 0 0 0 0 0 0 0 0 0
0 0 0 0 0 0 0 0 0 0 1 1 1 1 1 1 1 1 1 1
0 0 0 0 0 0 0 0 0 0 1 1 1 1 1 1 1 1 1 1
0 0 0 0 2 0 0 0 0 0 1 1 1 1 1 4 1 1 1 1
0 0 0 0 0 0 0 0 0 0 1 1 1 1 1 1 1 1 1 1
0 0 0 0 0 0 0 0 0 0 1 1 1 1 1 1 1 1 1 1
2 0 8 8 8 8 8 8 0 0 1 1 8 8 8 8 8 8 1 4
0 0 8 8 8 8 8 8 0 0 1 1 8 8 8 8 8 8 1 1
0 0 8 8 8 8 8 8 0 0 1 1 8 8 8 8 8 8 1 1
3 0 8 8 8 8 8 8 0 0 1 1 8 8 8 8 8 8 1 5
0 0 8 8 8 8 8 8 0 0 1 1 8 8 8 8 8 8 1 1
