1 1 1 1 1 5 1 1 1 1 0 0 0 0 3 0 0 0 0 0
1 1 1 1 1 8 8 8 8 1 0 8 8 8 8 0 0 0 0 0
1 1 1 1 1 8 8 8 8 1 0 8 8 8 8 0 0 0 0 0
1 1 1 8 8 8 8 8 8 1 0 8 8 8 8 8 8 0 0 0
1 1 1 8 8 8 8 8 8 1 0 8 8 8 8 8 8 0 0 0
1 1 4 7 8 8 8 8 8 1 0 8 8 8 8 8 6 2 0 0
1 1 1 1 8 8 8 8 8 1 0 8 8 8 8 8 0 0 0 0
1 1 1 1 8 8 8 8 1 1 0 0 8 8 8 8 0 0 0 0
1 1 1 1 8 8 8 8 1 1 0 0 8 8 8 8 0 0 0 0
1 1 1 1 1 1 1 1 1 1 0 0 0 0 0 0 0 0 0 0
0 0 0 0 0 0 0 0 0 0 1 1 1 1 1 1 1 1 1 1
0 0 0 0 0 0 0 0 0 0 1 1 1 1 1 1 1 1 1 1
0 0 0 0 0 0 0 0 0 0 1 1 1 1 1 1 1 1 1 1
0 0 0 8 8 0 0 0 0 0 1 1 1 1 1 8 8 1 1 1
0 3 2 8 8 0 0 0 0 0 1 1 1 1 1 8 8 4 5 1
0 0 0 8 8 0 0 0 0 0 1 1 1 1 1 8 8 1 1 1
0 0 0 8 8 0 0 0 0 0 1 1 1 1 1 8 8 1 1 1
0 0 0 0 0 0 0 0 0 0 1 1 1 1 1 1 1 1 1 1
2 0 0 0 0 0 0 0 0 0 1 1 1 1 1 1 1 1 1 4
0 0 2 0 0 0 0 0 0 0 1 1 1 1 1 1 1 4 1 1
