8 8 8 8 8 1 1 4 1 1 1 1 1 1 1 1 1 1 1 1
8 8 8 8 8 1 1 1 1 1 1 1 1 1 1 1 5 1 1 1
8 8 8 8 8 1 1 1 1 1 1 1 1 1 1 1 1 4 1 1
8 8 8 8 8 1 4 4 8 8 8 8 1 8 8 8 8 1 1 1
8 8 8 8 8 1 1 1 8 8 8 8 7 8 8 8 8 1 1 1
8 8 8 8 8 1 1 1 8 8 8 8 5 1 8 8 1 1 1 1
1 1 1 1 1 1 1 1 8 8 8 8 1 1 8 8 1 1 1 1
1 1 1 1 1 1 1 1 8 8 8 8 1 1 8 8 1 1 1 1
1 1 1 1 1 1 1 1 8 8 8 8 1 1 8 8 1 1 1 1
1 1 1 1 1 1 1 1 1 1 1 1 1 1 1 1 1 1 1 1
0 0 0 0 0 0 0 0 0 0 0 0 0 0 0 0 0 0 0 0
0 0 0 0 0 0 0 0 8 8 8 8 0 0 8 8 0 0 0 0
0 0 0 0 0 0 0 0 8 8 8 8 0 0 8 8 0 0 0 0
0 0 0 0 0 0 0 0 8 8 8 8 0 0 8 8 0 0 0 0
8 8 8 8 8 0 0 0 8 8 8 8 3 0 8 8 0 0 0 0
8 8 8 8 8 0 0 0 8 8 8 8 6 8 8 8 8 0 0 0
8 8 8 8 8 0 2 2 8 8 8 8 0 8 8 8 8 0 0 0
8 8 8 8 8 0 0 0 0 0 0 0 0 0 0 0 0 2 0 0
8 8 8 8 8 0 0 0 0 0 0 0 0 0 0 0 3 0 0 0
8 8 8 8 8 0 0 2 0 0 0 0 0 0 0 0 0 0 0 0
