8 8 8 0 0 0 0 0 0 0 1 1 1 1 1 1 1 8 8 8
8 8 8 0 0 0 0 0 0 0 1 1 1 1 1 1 1 8 8 8
0 0 0 0 6 3 0 0 0 0 1 1 1 1 5 7 1 1 1 1
8 8 8 8 2 0 0 0 0 0 1 1 1 1 1 4 8 8 8 8
8 8 8 8 0 0 0 0 0 0 1 1 1 1 1 1 8 8 8 8
8 8 8 8 0 0 0 0 0 0 1 1 1 1 1 1 8 8 8 8
8 8 8 8 0 0 2 0 0 0 1 1 1 4 1 1 8 8 8 8
0 0 0 0 0 0 0 0 0 0 1 1 1 1 1 1 1 1 1 1
0 0 0 0 0 0 0 0 0 0 1 1 1 1 1 1 1 1 1 1
0 0 0 0 0 0 0 0 0 0 1 1 1 1 1 1 1 1 1 1
0 0 0 0 0 0 0 0 0 0 1 1 1 1 1 1 1 1 1 1
3 0 0 0 0 0 0 0 0 0 1 1 1 1 1 1 1 1 1 5
0 0 0 0 0 0 0 0 0 0 1 1 1 1 1 1 1 1 1 1
8 8 8 8 0 0 0 0 0 0 1 1 1 1 1 1 8 8 8 8
8 8 8 8 0 0 0 0 0 0 1 1 1 1 1 1 8 8 8 8
8 8 8 8 0 0 0 0 0 0 1 1 1 1 1 1 8 8 8 8
8 8 8 8 0 0 0 0 0 0 1 1 1 1 1 1 8 8 8 8
0 0 0 0 0 0 0 0 0 0 1 1 1 1 1 1 1 1 1 1
8 8 8 0 2 0 2 0 0 0 1 1 1 4 1 4 1 8 8 8
8 8 8 0 0 0 0 0 0 0 1 1 1 1 1 1 1 8 8 8
