0 0 0 0 0 0 0 0 0 0 1 1 1 1 1 1 1 1 1 1
0 0 0 0 0 0 0 0 0 0 1 1 1 1 1 1 1 1 1 1
0 0 8 8 8 8 8 8 0 0 1 1 8 8 8 8 8 8 1 1
0 0 8 8 8 8 8 8 0 0 1 1 8 8 8 8 8 8 1 1
3 0 0 0 0 0 0 0 0 0 1 1 1 1 1 1 1 1 1 5
8 8 8 8 0 0 0 0 0 0 1 1 1 1 1 1 8 8 8 8
8 8 8 8 0 0 0 0 0 0 1 1 1 1 1 1 8 8 8 8
8 8 8 8 0 0 0 0 0 0 1 1 1 1 1 1 8 8 8 8
8 8 8 8 0 0 0 0 0 0 1 1 1 1 1 1 8 8 8 8
8 8 8 8 0 0 0 0 0 0 1 1 1 1 1 1 8 8 8 8
8 8 8 8 0 0 0 0 0 0 1 1 1 1 1 1 8 8 8 8
8 8 8 8 0 0 2 0 0 0 1 1 1 4 1 1 8 8 8 8
8 8 8 8 0 0 3 0 0 0 1 1 1 5 1 1 8 8 8 8
8 8 8 8 0 0 0 0 0 0 1 1 1 1 1 1 8 8 8 8
8 8 8 8 2 0 0 0 0 0 1 1 1 1 1 4 8 8 8 8
6 0 0 0 0 0 0 0 0 0 1 1 1 1 1 1 1 1 1 7
2 0 8 8 8 8 8 8 0 0 1 1 8 8 8 8 8 8 1 4
2 0 8 8 8 8 8 8 0 0 1 1 8 8 8 8 8 8 1 4
0 0 0 0 0 0 0 0 0 0 1 1 1 1 1 1 1 1 1 1
0 0 0 0 0 0 0 0 0 0 1 1 1 1 1 1 1 1 1 1
