0 0 0 0 0 0 0 0 0 0 1 1 1 1 1 1 1 1 1 1
0 0 0 0 2 3 8 8 8 8 8 8 8 8 5 4 1 1 1 1
0 0 0 0 0 0 8 8 8 8 8 8 8 8 1 1 1 1 1 1
0 0 0 0 0 0 8 8 8 8 8 8 8 8 1 1 1 1 1 1
0 0 0 0 0 0 8 8 8 8 8 8 8 8 1 1 1 1 1 1
0 0 0 0 0 0 8 8 8 8 8 8 8 8 1 1 1 1 1 1
0 0 0 0 0 0 8 8 8 8 8 8 8 8 1 1 1 1 1 1
2 0 0 0 0 0 0 0 0 0 1 1 1 1 1 1 1 1 1 4
0 0 0 0 0 0 0 0 0 0 1 1 1 1 1 1 1 1 1 1
0 0 0 0 0 0 0 0 0 0 1 1 1 1 1 1 1 1 1 1
1 1 1 1 1 1 1 1 1 1 0 0 0 0 0 0 0 0 0 0
1 1 1 1 1 1 1 1 1 1 0 0 0 0 0 0 0 0 0 0
4 1 1 1 1 1 1 1 1 1 0 0 0 0 0 0 0 0 0 2
1 1 1 1 1 1 8 8 8 8 8 8 8 8 0 0 0 0 0 0
1 1 1 1 1 1 8 8 8 8 8 8 8 8 0 0 0 0 0 0
1 1 1 1 1 1 8 8 8 8 8 8 8 8 0 0 0 0 0 0
1 7 1 1 1 1 8 8 8 8 8 8 8 8 0 0 0 0 6 0
1 1 1 1 1 1 8 8 8 8 8 8 8 8 0 0 0 0 0 0
1 1 1 1 4 5 8 8 8 8 8 8 8 8 3 2 0 0 0 0
1 1 1 1 1 1 1 1 1 1 0 0 0 0 0 0 0 0 0 0
