8 8 8 8 0 0 0 0 0 0 1 1 1 1 1 1 8 8 8 8
8 8 8 8 0 0 0 0 0 0 1 1 1 1 1 1 8 8 8 8
8 8 8 8 6 0 0 2 0 0 1 1 4 1 1 7 8 8 8 8
8 8 8 8 8 0 0 0 0 0 1 1 1 1 1 8 8 8 8 8
0 8 8 8 8 0 0 0 0 0 1 1 1 1 1 8 8 8 8 1
3 8 8 8 8 0 0 0 0 0 1 1 1 1 1 8 8 8 8 5
0 8 8 8 8 0 0 0 0 0 1 1 1 1 1 8 8 8 8 1
0 0 0 0 0 0 2 0 0 0 1 1 1 4 1 1 1 1 1 1
0 0 0 0 0 0 0 0 0 0 1 1 1 1 1 1 1 1 1 1
0 0 0 0 0 0 0 0 0 0 1 1 1 1 1 1 1 1 1 1
1 1 1 1 1 1 1 1 1 1 0 0 0 0 0 0 0 0 0 0
1 1 1 1 1 1 1 1 1 1 0 0 0 0 0 0 0 0 0 0
1 1 1 1 1 1 4 1 1 1 0 0 0 2 0 0 0 0 0 0
1 8 8 8 8 1 1 1 1 1 0 0 0 0 0 8 8 8 8 0
5 8 8 8 8 1 1 1 1 1 0 0 0 0 0 8 8 8 8 3
1 8 8 8 8 1 1 1 1 1 0 0 0 0 0 8 8 8 8 0
8 8 8 8 8 1 1 1 1 1 0 0 0 0 0 8 8 8 8 8
8 8 8 8 1 1 1 4 1 1 0 0 2 0 0 0 8 8 8 8
8 8 8 8 1 1 1 1 1 1 0 0 0 0 0 0 8 8 8 8
8 8 8 8 1 1 1 1 1 1 0 0 0 0 0 0 8 8 8 8
