2 0 8 8 8 8 8 8 0 0 1 1 8 8 8 8 8 8 1 4
0 0 8 8 8 8 8 8 0 0 1 1 8 8 8 8 8 8 1 1
0 0 8 8 8 8 8 8 0 0 1 1 8 8 8 8 8 8 1 1
0 0 8 8 8 8 8 8 0 0 1 1 8 8 8 8 8 8 1 1
0 0 8 8 8 8 8 8 0 0 1 1 8 8 8 8 8 8 1 1
0 0 8 8 8 8 8 8 8 0 1 8 8 8 8 8 8 8 1 1
0 0 0 0 0 8 8 8 8 0 1 8 8 8 8 1 1 1 1 1
0 0 0 0 0 0 0 0 0 0 1 1 1 1 1 1 1 1 1 1
0 0 0 0 0 0 0 0 0 0 1 1 1 1 1 1 1 1 1 1
0 0 0 0 0 0 0 0 0 0 1 1 1 1 1 1 1 1 1 1
1 1 1 1 1 1 1 1 1 1 0 0 0 0 0 0 0 0 0 0
1 1 1 1 1 1 8 8 8 8 8 8 8 8 0 0 0 0 0 0
1 1 1 1 1 1 8 8 8 8 8 8 8 8 0 0 0 0 0 0
1 1 5 1 7 5 8 8 8 8 8 8 8 8 3 6 0 3 0 0
8 8 8 8 1 1 8 8 8 8 8 8 8 8 0 0 8 8 8 8
8 8 8 8 1 1 1 4 1 1 0 0 2 0 0 0 8 8 8 8
1 1 1 1 1 1 1 1 1 1 0 0 0 0 0 0 0 0 0 0
1 1 1 1 1 1 1 1 1 1 0 0 0 0 0 0 0 0 0 0
1 1 1 1 1 1 4 1 1 1 0 0 0 2 0 0 0 0 0 0
1 1 1 1 1 4 1 1 1 1 0 0 0 0 2 0 0 0 0 0
