1 1 1 1 1 1 1 1 1 1 0 0 0 0 0 0 0 0 0 0
4 8 8 1 1 1 1 1 1 1 0 0 0 0 0 0 0 8 8 2
1 8 8 1 1 1 8 8 8 8 8 8 8 8 0 0 0 8 8 0
5 1 1 1 1 1 8 8 8 8 8 8 8 8 0 0 0 0 0 3
1 1 1 1 1 1 8 8 8 8 8 8 8 8 0 0 0 0 0 0
1 4 1 1 1 1 8 8 8 8 8 8 8 8 0 0 0 0 2 0
7 1 1 1 1 1 1 1 1 1 0 0 0 0 0 0 0 0 0 0
1 1 1 1 1 1 1 1 1 1 0 0 0 0 0 0 0 0 0 0
1 1 1 1 1 1 1 1 1 1 0 0 0 0 0 0 0 0 0 0
1 1 1 1 1 1 1 1 1 1 0 0 0 0 0 0 0 0 0 0
0 0 0 0 0 0 0 0 0 0 1 1 1 1 1 1 1 1 1 1
0 0 0 0 0 0 0 0 0 0 1 1 1 1 1 1 1 1 1 1
0 0 0 0 0 0 0 0 0 0 1 1 1 1 1 1 1 1 1 1
6 0 0 0 0 0 0 0 0 0 1 1 1 1 1 1 1 1 1 1
0 2 0 0 0 0 8 8 8 8 8 8 8 8 1 1 1 1 4 1
0 0 0 0 0 0 8 8 8 8 8 8 8 8 1 1 1 1 1 1
3 0 0 0 0 0 8 8 8 8 8 8 8 8 1 1 1 1 1 5
0 8 8 0 0 0 8 8 8 8 8 8 8 8 1 1 1 8 8 1
2 8 8 0 0 0 0 0 0 0 1 1 1 1 1 1 1 8 8 4
0 0 0 0 0 0 0 0 0 0 1 1 1 1 1 1 1 1 1 1
