0 0 0 0 0 0 8 8 0 0 1 1 1 1 1 1 1 1 1 1
0 0 0 0 0 0 8 8 0 0 1 1 1 1 1 4 1 1 1 1
0 0 0 0 0 0 8 8 0 8 8 8 8 1 1 1 1 1 1 1
3 0 0 0 0 0 8 8 0 8 8 8 8 1 1 1 4 1 1 1
0 0 2 0 0 0 0 0 0 8 8 8 8 1 1 1 1 1 8 8
0 0 0 0 0 0 0 0 8 8 8 8 8 7 5 1 1 1 8 8
0 0 0 0 0 0 0 0 8 8 8 8 8 1 1 1 4 1 8 8
0 0 0 0 0 0 0 0 0 8 8 8 8 8 8 8 1 1 8 8
0 0 0 0 0 0 0 0 0 0 1 1 8 8 8 8 1 1 8 8
0 0 0 0 0 0 0 0 0 0 1 1 1 1 1 1 1 1 8 8
1 1 1 1 1 1 1 1 1 1 0 0 0 0 0 0 0 0 8 8
1 1 1 1 1 1 1 1 1 1 0 0 8 8 8 8 0 0 8 8
1 1 1 1 1 1 1 1 1 8 8 8 8 8 8 8 0 0 8 8
1 1 1 1 1 1 1 1 8 8 8 8 8 0 0 0 2 0 8 8
1 1 1 1 1 1 1 1 8 8 8 8 8 6 3 0 0 0 8 8
1 1 4 1 1 1 1 1 1 8 8 8 8 0 0 0 0 0 8 8
5 1 1 1 1 1 8 8 1 8 8 8 8 0 0 0 2 0 0 0
1 1 1 1 1 1 8 8 1 8 8 8 8 0 0 0 0 0 0 0
1 1 1 1 1 1 8 8 1 1 0 0 0 0 0 2 0 0 0 0
1 1 1 1 1 1 8 8 1 1 0 0 0 0 0 0 0 0 0 0
