8 8 8 8 0 0 6 3 0 0 0 0 0 0 0 0 8 8 8 8
8 8 8 8 0 0 0 0 0 0 0 0 0 0 0 0 8 8 8 8
8 8 8 8 0 0 0 0 0 0 0 0 0 0 0 2 8 8 8 8
8 8 8 8 3 0 0 2 0 0 0 0 0 0 0 0 8 8 8 8
8 8 8 8 0 0 0 0 0 0 0 0 0 0 0 0 8 8 8 8
8 8 8 8 0 0 0 0 0 0 0 0 0 0 0 2 8 8 8 8
0 0 0 0 0 0 0 0 0 0 0 0 0 0 0 0 0 0 0 0
0 0 0 0 0 2 0 0 0 0 0 0 0 0 0 0 0 0 0 0
0 0 0 0 0 0 0 0 0 0 0 0 0 0 0 0 0 0 0 0
0 0 0 0 0 0 0 0 0 0 0 0 0 0 0 0 0 0 0 0
1 1 1 1 1 1 1 1 1 1 1 1 1 1 1 1 1 1 1 1
1 1 1 1 1 1 1 1 1 1 1 1 1 1 1 1 1 1 1 1
1 1 1 1 1 4 1 1 1 1 1 1 1 1 1 1 1 1 1 1
1 1 1 1 1 1 1 1 1 1 1 1 1 1 1 1 1 1 1 1
8 8 8 8 1 1 1 1 1 1 1 1 1 1 1 4 8 8 8 8
8 8 8 8 1 1 1 1 1 1 1 1 1 1 1 1 8 8 8 8
8 8 8 8 5 1 1 4 1 1 1 1 1 1 1 1 8 8 8 8
8 8 8 8 1 1 1 1 1 1 1 1 1 1 1 4 8 8 8 8
8 8 8 8 1 1 1 1 1 1 1 1 1 1 1 1 8 8 8 8
8 8 8 8 1 1 7 5 1 1 1 1 1 1 1 1 8 8 8 8
